2.0003371
1.9997046
1.9993812
1.9996634
2.000265
2.0002248
2.000608
2.000078
2.000101
1.9992967
1.9985336
1.9986676
1.9987128
2.0012608
2.0010624
2.000158
2.0005286
1.9995033
2.000388
1.9995979
2.0007675
1.9997374
2.0015237
1.9991904
2.000126
1.9996735
2.00026
1.999322
2.0004478
1.9991227
2.0005803
1.9989952
1.9986527
2.000696
1.9996806
2.0001974
2.000373
2.0002499
2.0001793
1.9995596
2.0001044
1.9992926
2.0005872
2.0002143
2.0010679
1.9999454
1.9987077
1.9994934
2.0006397
2.0008137
1.9998844
2.0004787
1.9999967
1.9982742
1.9994783
1.9999101
1.9991267
2.000111
1.9992292
2.0008857
2.0007622
1.9991596
2.0009491
1.9992933
2.0012624
2.0002053
2.0004332
1.9984119
1.9994012
2.0002775
1.9986815
1.9988589
1.9998949
1.999152
2.0001526
1.998017
1.9989055
2.0006452
1.9998356
2.0003386
2.0013554
1.9990492
1.9998584
2.0000198
2.0001698
2.0009663
1.9997401
1.9989464
2.0012753
2.0013597
2.0001993
2.000338
1.9997894
2.0008435
2.0002801
2.0007377
2.000826
2.000392
2.0007172
2.001073
1.9983295
1.99946
1.9995155
1.9996121
2.0010533
1.9991965
1.9985021
2.0003014
1.9996972
1.9996974
1.9997548
2.000768
2.000062
2.0002267
1.9996402
1.9995959
2.0008569
1.9999475
2.000752
1.9987956
1.9988443
2.0019512
1.9998499
2.0008783
1.9986465
2.0004408
1.9978883
2.001258
2.0002158
1.9997473
2.0010538
2.0006654
2.000434
1.999635
2.000539
1.9997762
1.9988983
1.9998585
2.000139
2.000659
2.0008032
2.0010247
1.9996037
2.0001743
1.9997823
2.0002222
2.0002766
1.9980243
1.9990406
2.000068
2.0015485
2.0000048
1.9993372
2.0005627
1.9983109
1.9998264
2.0005116
2.0004728
2.0006542
1.9993454
2.0002034
1.9996368
2.0002422
1.9989603
1.9996167
1.9994774
1.9978209
2.0000224
1.9985237
1.9996119
2.0004942
2.000941
2.0000875
1.9991298
2.000473
1.9998193
1.9987606
1.9994367
2.0015457
2.000772
1.9995861
2.0001817
1.9997749
2.0006208
1.99923
1.9996498
2.0002809
2.0005252
1.9999689
2.00048
1.9998612
2.0001357
1.9984142
2.000368
2.0009794
2.0004306
2.0005686
2.0009205
1.9993231
1.99923991.9998821
1.9995421
1.9998087
2.0001283
2.0002193
2.0007486
1.9993145
