1.4995712
1.5001003
1.499813
1.5001423
1.499785
1.5006483
1.5002463
1.4998509
1.4995629
1.4988002
1.4988176
1.4998262
1.5003192
1.5006549
1.499386
1.4990501
1.5011095
1.4997752
1.5003351
1.5004569
1.5009683
1.5014175
1.4996036
1.4995178
1.5007958
1.5015112
1.4992071
1.501678
1.5010593
1.5007422
1.4988693
1.5003875
1.5008103
1.5002046
1.4993677
1.5000167
1.4999822
1.5006661
1.5004736
1.499447
1.500295
1.4984616
1.4996463
1.5009415
1.500742
1.4998409
1.5002869
1.4998242
1.4996581
1.5003893
1.4998201
1.4997399
1.4999273
1.4986128
1.5003161
1.4994223
1.4990826
1.5009153
1.5007414
1.5005108
1.4988053
1.4988704
1.4991927
1.4996405
1.5012879
1.5011369
1.5011
1.4995464
1.5007434
1.498571
1.4986371
1.4996104
1.4998912
1.5005822
1.4992061
1.4994049
1.4992158
1.5001196
1.499213
1.4992905
1.4994155
1.4996847
1.5011544
1.4981645
1.5001724
1.5000153
1.4994377
1.5000135
1.5004429
1.5000144
1.5011855
1.4996579
1.4999398
1.4985621
1.5004042
1.5010753
1.5001698
1.4996818
1.4996357
1.4990864
1.4991055
1.5006208
1.4995822
1.5006851
1.5009978
1.5011282
1.5002406
1.4990704
1.5003911
1.5010694
1.4994211
1.4983114
1.4995934
1.5005995
1.4992172
1.4999655
1.5000811
1.5001491
1.4991225
1.500476
1.5004454
1.5005141
1.5011476
1.5002067
1.5000663
1.4983246
1.5015653
1.5003644
1.5003064
1.4993124
1.500117
1.5006859
1.4988458
1.5002252
1.5002213
1.5014657
1.5005602
1.5008391
1.49973
1.5009897
1.4999162
1.5005602
1.5006618
1.5003716
1.500198
1.4994406
1.499511
1.4996403
1.4989909
1.5000247
1.4991171
1.4990358
1.4998933
1.5006326
1.5003357
1.4990212
1.5000545
1.5021619
1.4992644
1.5007081
1.5003282
1.5007424
1.50054
1.5010976
1.5002713
1.4995966
1.4997963
1.4984803
1.4995519
1.499712
1.5004089
1.500563
1.5000988
1.5004177
1.4995637
1.4997576
1.5006752
1.5006545
1.5008479
1.4991546
1.5004718
1.4993541
1.4996147
1.5002126
1.4994435
1.5007763
1.5002265
1.499941
1.5002849
1.498929
1.5007637
1.499766
1.5005001
1.4992481
1.4999421
1.4993217
1.4996463
1.4998622
1.4994445
1.49943041.4978814
1.49921
1.4997303
1.4998865
1.5012779
1.4996125
1.5013486
