1.0106559
0.97872853
1.0064552
0.9883216
0.98136497
1.0282003
1.0282469
0.9973611
0.9879741
0.9979347
0.98852336
1.00115
0.9944911
0.99054307
0.9865697
1.022271
0.98979014
0.9955148
1.0046031
1.0104611
1.003218
1.007484
1.017149
0.99120677
1.0277963
0.98799443
1.0250341
1.0145352
0.99504405
0.99663365
1.0024945
0.9962121
1.0196129
1.024169
1.0177833
0.9907098
0.98037356
1.0052387
1.007348
1.0186362
0.9868527
0.9840653
0.9884432
0.9824766
0.9683822
1.0174551
0.99299926
1.0032189
1.0069531
1.0053347
0.99038225
1.00481
0.9750321
1.0006635
0.9908445
1.0147452
0.99642146
0.97435755
1.0101008
0.9959128
0.9979679
1.020543
0.9870653
1.0049853
0.9812149
0.9814133
1.0364444
0.974919
1.0019418
0.9657849
0.99752617
1.00338
1.0061741
1.0125446
0.99537116
0.99912965
1.0164151
1.0312096
1.0122037
1.0055883
0.9967029
0.9868812
0.98867
0.98572
0.9661996
0.9881514
0.9838351
0.99689746
0.9869538
0.9990066
1.0173509
0.9897921
0.9993459
0.98964846
1.0152977
1.004313
1.0165364
0.9990871
0.9871788
0.99316275
1.0217098
1.015527
1.0070013
1.0134462
1.0004542
1.0113832
1.009859
1.01493
1.0152856
1.0012207
0.9800148
1.0062078
1.0057571
1.0181165
0.9972391
1.0147368
1.001567
0.98363084
0.99853206
1.0098337
0.99223864
1.0051905
1.0098231
1.012747
1.0195125
1.0142746
1.0045676
1.0054638
1.0127022
1.012983
0.99513924
1.0277686
1.0093994
0.9964638
1.0036743
0.9894188
0.9939667
1.0118117
1.0195397
0.9974428
0.9872099
0.983103
1.0139489
1.0148904
0.96401244
1.0093493
0.98581254
0.9954108
0.9930089
1.0234227
1.0194085
0.99682754
0.9983771
1.027816
1.0060759
0.992424
1.012536
0.99896514
0.9882656
1.0167096
0.9713013
0.9925153
1.0046815
1.0109385
1.0101016
1.0250269
0.9974067
1.0050776
0.9905689
1.0271317
0.97954756
0.98539793
1.0199071
1.0015626
0.9597155
1.0286564
1.0049405
0.9976572
0.9986025
0.9980019
0.99037325
1.0108863
0.99041533
0.9988634
0.98096347
0.98253435
1.0082318
1.0389118
1.0138083
0.9897963
1.0009071
1.0187922
1.001408
1.001125
1.0074672
1.026083
1.0282605
0.97653985
0.9893082
0.97730271.0086433
0.9773455
1.0039233
0.9696179
1.0003217
1.0076945
0.9796148
